header: 
  seq: 598
  stamp: 
    secs: 76
    nsecs: 388000000
  frame_id: "uav1/gps_origin"
binary: True
id: "OcTree"
resolution: 0.4
data: [-52, -52, 0, 48, 0, 48, 0, 48, 0, 48, 0, 48, 0, 48, 0, 48, 0, 48, 0, 48, 0, 48, 0, -16, 0, -4, 0, -4, 0, -64, 0, -112, 0, -4, 0, 64, 0, 64, 0, -87, 0, -1, 0, -92, 0, -86, 0, -86, 0, -86, 0, -1, 0, -64, 0, 64, 0, -4, 0, 80, 0, 84, 0, 85, 0, -1, 0, 64, 0, 85, 0, 84, 0, 85, 0, -1, 0, 85, 0, 85, 0, 85, 0, 85, 0, -1, 0, -1, 0, 85, 0, -86, 0, 85, 0, -86, 0, -1, 0, -86, 0, -86, 0, -86, 0, -86, 0, -1, 0, 85, 0, -86, 0, 85, 0, -103, 0, -1, 0, -86, 0, -86, 0, -86, 0, -86, 0, 51, 0, -13, 0, -16, 0, -86, 0, -94, 0, -1, 0, -86, 0, -86, 0, -86, 0, -86, 0, 51, 0, 32, 0, 34, 0, -1, 0, -1, 0, -86, 0, -86, 0, -86, 0, -86, 0, -13, 0, -86, 0, -86, 0, 32, 0, -1, 0, -86, 0, -86, 0, -86, 0, -86, 0, -1, 0, -86, 0, 34, 0, -86, 0, 34, 0, 3, 0, 3, 0, 3, 0, 3, 0, 3, 0, 3, 0, 3, 0, 3, 0, 3, 0, 3, 0, 15, 0, -49, 0, -49, 0, -49, 0, 69, 0, 85, 0, 5, 0, -1, 0, 85, 0, -103, 0, 85, 0, 85, 0, 12, 0, 69, 0, -1, 0, -1, 0, -86, 0, -86, 0, 90, 0, -102, 0, -1, 0, -86, 0, -86, 0, -86, 0, -86, 0, -1, 0, 85, 0, -103, 0, 4, 0, -103, 0, -1, 0, -86, 0, -86, 0, -86, 0, -86, 0, 12, 0, -49, 0, 9, 0, -86, 0, 4, 0, 51, 0, -1, 0, -1, 0, -86, 0, -86, 0, -94, 0, -126, 0, -1, 0, -86, 0, 34, 0, -120, 0, 32, 0, -1, 0, -86, 0, -86, 0, -86, 0, -86, 0, 51, 0, -94, 0, 42, 0, 15, 0, -1, 0, -86, 0, -86, 0, -118, 0, -86, 0, 51, 0, 34, 0, 2, 48, 0, 48, 0, 48, 0, 48, 0, 48, 0, 48, 0, 48, 0, 48, 0, 48, 0, 48, 0, -16, 0, -4, -52, -4, -4, -64, -64, 80, 64, 64, 0, -4, -16, 64, 0, 64, 64, 85, 84, 64, 0, 84, 16, 87, -1, 84, 84, 80, 0, 85, 0, 85, 0, 85, 0, 0, -64, 0, 64, -64, -64, 80, 84, 84, 84, 63, 55, 0, 64, 0, 16, 0, 21, 64, 64, 21, 21, 127, -4, -64, 0, 64, 0, 124, 124, 80, 80, 84, 84, 80, 64, 84, 84, 95, 95, 64, 64, 85, 85, 64, 0, 84, 84, -4, 124, 64, 64, 80, 80, 21, 85, 64, 64, 80, 64, -36, 12, 84, 84, 85, 81, 68, 0, 51, 3, 21, 21, 17, 0, 21, 0, -1, 3, 85, -35, 85, 17, 85, 17, 85, -1, 85, 0, 85, 0, 85, 0, 85, 0, 85, -35, 85, 17, 85, 0, 85, -1, 85, 0, 85, 0, 85, 0, 85, 0, 63, 63, 84, 84, 5, 1, 0, 1, 85, 85, 5, 21, 1, 1, -16, 0, -64, 0, 84, 84, -41, -1, 64, 64, 1, 5, 64, 0, 85, 0, 4, 0, 5, 0, 3, 0, 63, 0, 84, 0, 21, 4, 1, 0, 51, 3, 51, 0, 48, 0, 32, 16, -45, 51, 81, 81, 16, 16, 17, 0, 17, 0, -13, 0, -35, 3, 17, 81, 85, 85, 17, 0, 85, 0, 48, 0, 17, 0, 48, 0, 3, 3, 1, 17, 16, 0, 3, 0, 3, 0, 3, 0, 3, 0, 3, 0, 3, 0, 3, 0, 3, 0, 3, 0, 3, 0, 15, 0, -49, -52, -49, -49, -57, -57, 69, 69, 4, 4, 69, 69, 4, 4, 93, 125, -103, -103, -103, -103, 85, 69, 12, 12, 69, 69, 5, 5, -57, -52, 69, 5, 4, 4, 68, 0, 4, 0, -3, 127, -103, -103, 5, 69, 69, 85, 85, 0, -103, -103, 69, 0, 0, 12, 5, 5, -1, -1, -33, -33, 6, 38, 5, 5, 81, 80, 38, 38, 5, 0, 80, 80, 63, 63, 5, 5, 5, 5, -104, -104, 5, 0, 5, 0, -104, -112, -11, -3, 4, 4, 85, 69, 85, 5, 4, 0, 69, 0, 95, -9, 89, 89, 85, 81, 89, 9, 85, 0, 85, 4, -45, -45, 34, 34, 80, 80, 34, 34, 80, 80, 48, 48, -112, -112, -112, -112, 15, -3, 0, 4, 5, 5, 85, 85, 0, 4, 0, 69, 7, -1, 9, 9, 89, 89, 85, 81, 0, 21, 0, 69, 12, 0, -57, 15, 5, 5, 4, 0, 4, 0, 85, 0, -1, 0, -16, 0, 84, 0, 85, 0, -16, 0, -112, -112, 0, -96, -1, 0, 84, 0, 85, 68, 4, 0, 69, 68, 95, -64, 89, 89, 80, 18, 84, 0, 12, 0, -49, 12, 5, 4, 85, -107, 0, 4, 85, 0, 51, 51, -13, -16, 15, 0, 5, 5, 5, 5, -45, -1, 80, 80, 17, 17, 80, 80, 16, 16, 69, 69, 1, 1, 48, 48, 34, 34, 34, 34, -1, -1, 80, 80, 16, 16, 4, 4, 1, 1, 80, 80, 16, 0, 4, 5, 1, 0, 48, 48, 34, 34, 34, 34, 3, 0, 61, 0, 1, 1, 5, 1, -16, 0, -45, -4, 80, 0, 0, -86, 40, 0, -103, -128, 34, 0, 51, 3, 0, 10, 34, 34, 2, 0, 15, 0, 63, 15, 5, -91, 0, -118, 0, 10, -87, 8, -86, 34, 3, 0, 0, 2]
---
